0,493651480536144	0,338213499670749	0,497552166125632	0	0,0829253610209386	0	0	0	0,254354022144942	0,417943819545531	0,309528887585349	0,228700532926218
0,516960536179658	0,352838904048662	0	0	0,260322677106395	0	0	0	0,345540414455126	0,458167911707256	0,286772574730281	0,359073937580126
0,506734532134361	0,344573184626332	0	0	0,16999093034033	0	0	0	0,31330166982007	0,479374423559731	0,439976525535402	0,272131219604797
0,558118338000822	0,378131843843507	0	0	0,0935490217750067	0	0	0	0,407756274283886	0,550068248037039	0,104054526956404	0,238958591992661
0,448232718885577	0,302601674982629	0	0	0,375405261718364	0	0,450486314062037	0	0,29089699204006	0,378408503812111	0,101981750328263	0,354172688387778
0,478673127136396	0,322027671720566	0	0	0,480781094054377	0	0	0	0,239312562511372	0,466357661232746	0,0942708029130463	0,390349587620462
0,478530613968939	0,320838531889289	0	0	0,480358084422451	0	0	0	0,243410150402408	0,451536599357104	0,139569283094539	0,393336766674826
0,441493989169942	0,295026624306636	0	0	0,442939344989517	0	0	0	0,168833382619323	0,438509951539622	0,412936323555267	0,361296262283455
0,434443687312659	0,289379112813821	0	0	0,290431089046548	0	0	0,435646633569822	0,312571575655478	0,291883244491781	0,385170642302503	0,349466683363758
0,520148517873972	0,345379567906852	0	0	0,17378247119992	0	0	0	0,44419734791011	0,427504879151803	0,334554490082104	0,296580029176891
0,464402271599298	0,30742426840763	0,46527637609098	0	0,07754606268183	0	0	0	0,315052613406897	0,386179392155513	0,426296002494013	0,192884414764756
0,477122429435454	0,314910937747442	0,477838737896045	0	0,0796397896493409	0	0	0	0,287131797659507	0,358379053422034	0,415660078822823	0,234220871831082
0,412987575923876	0,271799811531894	0	0	0,344556436322705	0	0,413467723587246	0	0,305929033147514	0,351447565049159	0,383986959005269	0,318335482370811
0,47390091697886	0,311024558441952	0	0	0,474311564547968	0	0	0	0,329678441726166	0,436366639384131	0,0896203668038311	0,382850696246195
0,455349609102356	0,298049449588606	0	0	0,455628904608963	0	0	0	0,294217767998613	0,432847459378515	0,290757839237075	0,371166298578904
0,452000778738826	0,295094098777361	0	0	0,226091563731678	0	0	0,452183127463357	0,188578613695481	0,397921152167754	0,363519769279449	0,356339772394674
0,516810775602381	0,336568238485069	0	0	0,172311078166989	0	0	0	0,206309676549714	0,439393249325823	0,516933234500968	0,295105500257903
0,547277144056913	0,355559103132925	0	0	0,091223267924601	0	0	0	0,3068047127509	0,394084517434276	0,511240560612957	0,234403749325722
0,415711637189684	0,269465212720615	0	0	0,346438530899503	0	0,415726237079404	0	0,333699535592885	0,295165628326377	0,396459067501653	0,325678451153906
0,440999192742655	0,285231742330541	0	0	0,440999192742655	0	0	0	0,411335569912432	0,260189523718167	0,400122262338086	0,36426489402812
0,443114767679102	0,286002400324134	0	0	0,443118674213333	0	0	0	0,443118674213333	0,270302391270133	0,352283295470847	0,363285986250795
0,468698515223168	0,301914943198682	0,468727367267533	0	0,156242455755844	0	0	0	0,304777884546154	0,445290998904156	0,290761361676007	0,26331771121136
0,536347295523852	0,344841225381889	0	0	0,2682160634502	0	0	0	0,36323431014332	0,4023240951753	0,279212443969635	0,386927410087771
0,54489659318994	0,349714764056259	0	0	0,181686419498269	0	0	0	0,266419099443651	0,528707480739964	0,323537848694466	0,304285811736865
0,600697424135647	0,384881822874268	0	0	0,100164541104902	0	0	0	0,315316178724847	0,522858904567587	0,202471639282095	0,259220293183596
0,45037815371991	0,288114997777574	0	0	0,375581529581183	0	0,45069783549742	0	0,21827518490458	0,36506524675291	0,257885927414798	0,350053424683134
0,48192614234128	0,307844417290466	0	0	0,48239855428069	0	0	0	0,218485443867039	0,361798915710517	0,336217174233155	0,385479325072871
0,497984465976344	0,317668607828518	0	0	0,498628618858989	0	0	0	0,207948258089175	0,403889181275781	0,180430676773568	0,40440505657869
0,438819830657278	0,279574799837597	0	0,439543550541377	0,439543550541377	0	0	0	0,212873109679232	0,356030275938515	0,221730525512007	0,348770809729617
0,41410146397508	0,263522349888211	0	0,414949140752521	0,276632760501681	0	0	0,414949140752521	0,197240398743351	0,307062364156865	0,318053708547876	0,322235090793511
0,509671680703377	0,324000579292492	0	0,510938947758272	0,170312982586091	0	0	0	0,242867840638461	0,439407495072114	0,112024047502715	0,283866447775349
0,496436068245358	0,315289062371523	0	0,497908993584176	0,0829848322640293	0	0	0	0,312588605837599	0,468034453969126	0,197033505631159	0,209174807453251
0,393867183912414	0,249937463226903	0	0,395241069140379	0,329367557616983	0	0,395241069140379	0	0,281808654678566	0,37547901568336	0,230381157912871	0,296664499797337
0,417980840073412	0,265044969781658	0	0,419673443082667	0,419673443082667	0	0	0	0,252180454587791	0,419673443082667	0,238637840205384	0,325764921967342
0,424704339502218	0,269139295155929	0	0,42667932502775	0,42667932502775	0	0	0	0,300397551701152	0,413878945276918	0,0813809050866322	0,339002136976128
0,407545788119051	0,258130630526629	0	0,409701680149569	0,409701680149569	0	0	0	0,244351226277546	0,389216596142091	0,344704443949328	0,318662581049917
0,424411738800859	0,268700597415516	0	0,426944573393344	0,284629715595563	0	0	0,426944573393344	0,233575058089632	0,341555658714676	0,156774656156304	0,326038929948553
0,488001881707638	0,308863160209812	0	0,491263391646363	0,163754463882121	0	0	0	0,213688560491916	0,44704968639819	0,28810277345076	0,264164789928479
0,512962641574509	0,32459275758833	0	0,516776943253152	0,086129490542192	0	0	0	0,294307945260764	0,459931479495305	0,116067548776872	0,213087689690305
0,412285160744781	0,260858022908375	0	0,415675983961747	0,346396653301456	0	0,415675983961747	0	0,266554554737802	0,340854306848632	0,12373955321406	0,306375395931296
0,431572684072909	0,273060316621057	0	0,435477802086103	0,435477802086103	0	0	0	0,224573754439022	0,42241346802352	0,143606761890519	0,332282768765176
0,415138290652168	0,262687925537941	0	0,419251245995684	0,419251245995684	0	0	0	0,208685597782605	0,373133608936159	0,349002374132486	0,320204642195244
0,440980655716317	0,279096145707653	0	0,44574337509316	0,44574337509316	0	0	0	0,211878016860426	0,410083905085707	0,0635641176103761	0,336400935744271
0,413444819680614	0,261747715755228	0	0,418293033794902	0,278862022529935	0	0	0,418293033794902	0,247599463950345	0,393195451767208	0,134957289066908	0,314209698788576
0,482265708523131	0,305440471133153	0	0,488383229083929	0,162794409694643	0	0	0	0,247476703526834	0,454196403048054	0,264649735463692	0,267445569952219
0,506023110213642	0,320648299755127	0	0,51294309522376	0,0854905158706266	0	0	0	0,26682241724644	0,49242537141481	0,105148762711728	0,214412736315377
0,408678872993397	0,25912088871041	0	0,414684999257742	0,345570832714785	0	0,414684999257742	0	0,226868026499751	0,3856570493097	0,082789162050293	0,308928696753235
0,431080507754244	0,273516312707598	0	0,437869081112322	0,437869081112322	0	0	0	0,22777046371762	0,420354317867829	0,114735748457639	0,337873244667999
0,428021826947785	0,271792851899754	0	0,435224816815981	0,435224816815981	0	0	0	0,255670183869478	0,417815824143342	0,119473479213576	0,331471659282721
0,411873114425028	0,261773191304301	0	0,419261260043974	0,419261260043974	0	0	0	0,257573061103248	0,377335134039576	0,317622166887496	0,317278741008278
0,410170201695372	0,260950093913422	0	0,417994247275472	0,278662831516981	0	0	0,417994247275472	0,239924949108791	0,338575340293132	0,260035636833271	0,31106000106919
0,481827774925586	0,306872869756664	0	0,49157968152336	0,16385989384112	0	0	0	0,284366721598715	0,486663884708126	0,120047088167128	0,27028303056597
0,494832034548982	0,315528886680183	0	0,50543628957331	0,0842393815955517	0	0	0	0,281049775368119	0,500381926677577	0,126133833468123	0,218494554394029
0,396030117996026	0,252851294364651	0	0,404998691714437	0,337498909762031	0	0,404998691714437	0	0,30147884674707	0,328048940288694	0,224517991383836	0,297252490639345
0,418174736909724	0,267356682615116	0	0,428163763691714	0,428163763691714	0	0	0	0,307202700406611	0,41960048841788	0,112955859220681	0,32218749423945
0,421344068211888	0,269778102432262	0	0,431941853593417	0,431941853593417	0	0	0	0,2924808066933	0,410344760913746	0,103173276932876	0,334617470692849
0,402579330531358	0,258165229473423	0	0,41322386574244	0,41322386574244	0	0	0	0,270541185643032	0,404959388427591	0,30273620125857	0,317708708606407
0,405022441045695	0,260160499863737	0	0,416262634439004	0,277508422959336	0	0	0,416262634439004	0,278130639154312	0,403774755405834	0,0638120973013588	0,316623689551233
0,479815133332425	0,308738904160016	0	0,493770650756756	0,164590216918919	0	0	0	0,290062579592534	0,488832944249188	0,0748137349439413	0,27361887623047
0,490212564479161	0,316006316689549	0	0,505134471139001	0,0841890785231669	0	0	0	0,303533718083525	0,500083126427611	0,0837388694569691	0,21989762380357
0,387566811454271	0,250171064499265	0	0,399897159284526	0,333247632737105	0	0,399897159284526	0	0,256436294967208	0,395898187691681	0,210997431624862	0,298834535935135
0,405087505574943	0,261986704617508	0	0,418540397614135	0,418540397614135	0	0	0	0,270268238818096	0,389242569781146	0,300662709817486	0,319315183544838
0,395039982555862	0,256005350972378	0	0,408717945635793	0,408717945635793	0	0	0	0,298748991653069	0,39645640726672	0,312549017405183	0,316525548935282
0,409484439162714	0,265925670279427	0	0,424249368036053	0,424249368036053	0	0	0	0,27395474886633	0,381824431232448	0,270733108237995	0,327861956932261
0,392239970428896	0,2552856880201	0	0,406952330425754	0,27130155361717	0	0	0,406952330425754	0,224462496154116	0,402882807121497	0,257518854395307	0,311669958119392
0,450893506546202	0,294128325289512	0	0,468468103858851	0,156156034619617	0	0	0	0,270997243936286	0,463783422820262	0,333188544426823	0,258432441644661
0,465989469588414	0,304693581778052	0	0,484844744744428	0,0808074574574046	0	0	0	0,276122343419472	0,479996297296983	0,316315822945811	0,204244143046476
0,387163511820868	0,253770793111214	0	0,403410762904307	0,336175635753589	0	0,403410762904307	0	0,271352531101552	0,383240224759092	0,183368528545799	0,305091742071411
0,412942408016748	0,271351347147918	0	0,430898205103908	0,430898205103908	0	0	0	0,251196263065058	0,409353294848712	0,198167089112827	0,338468033867311
0,408626750421715	0,26921510465815	0	0,427021311752305	0,427021311752305	0	0	0	0,235531934284903	0,422751098634782	0,218458318119367	0,337542863443931
0,41019027332171	0,270970838043488	0	0,429290074303732	0,429290074303732	0	0	0	0,315711086035032	0,382068166130321	0,165288156986525	0,341714881963392
0,394695321088436	0,261455484505041	0	0,413690111470091	0,275793407646728	0	0	0,413690111470091	0,319079368488142	0,368184199208381	0,133472210740104	0,319889877604941
0,448285317582714	0,297798471808317	0	0,470565475736393	0,156855158578798	0	0	0	0,303862908098836	0,456448511464301	0,306999936208249	0,263427532981032
0,532041279171272	0,354469287436512	0	0	0,093221588239257	0	0	0	0,303492704312559	0,553736234141186	0,357931017942183	0,236108205768579
0,427289063242429	0,285530907696263	0	0	0,374907474399947	0	0,449888969279936	0	0,346999563749547	0,341915616652752	0,171615399954578	0,355209271399084
0,434658811231793	0,291346765976018	0	0	0,458350038260505	0	0	0	0,415187030173192	0,371263530991009	0,241021856047122	0,384441943133326
0,45032951455473	0,302798940465087	0	0	0,47560704245205	0	0	0	0,339109954035318	0,413778126933283	0,189903703197859	0,396286203900191
0,428524039394155	0,289063181418997	0	0	0,453279218019097	0	0	0	0,343516537422544	0,439680841478524	0,270674756045282	0,377835808142944
0,418135807821762	0,28298249894184	0	0	0,295320064156912	0	0	0,442980096235368	0,248307228831484	0,416401290461246	0,309533329374559	0,36163607255648
0,524018527767547	0,355831197548303	0	0	0,185341116746785	0	0	0	0,388967007343029	0,556023350240355	0,0713612856076095	0,314464115525535
0,514525063108208	0,350581636555135	0	0	0,0911348179375364	0	0	0	0,407041608366754	0,541340818548966	0,296309996196317	0,239830260576912
0,413248351025677	0,282558673833985	0	0	0,366559551821988	0	0,439871462186385	0	0,250509756491798	0,417877889077066	0,232873127089663	0,360453362226254
0,442871509128239	0,303892038689112	0	0	0,472150875293533	0	0	0	0,243485877393526	0,472150875293533	0,234813002201557	0,3888946369519
0,437609042126084	0,301370445225303	0	0	0,467283420618404	0	0	0	0,222116782894847	0,46261058641222	0,292364493176726	0,387941966065363
0,442400008838346	0,305795124963159	0	0	0,47315421724115	0	0	0	0,176106726596482	0,458959590723916	0,300254726190386	0,393809947520191
0,429915835177001	0,298282472814741	0	0	0,30702631488356	0	0	0,46053947232534	0,295323518127908	0,423696314539313	0,089480931427884	0,380915729620163
0,524784742127545	0,365495213971547	0	0	0,187690102645238	0	0	0	0,3383471805533	0,456086949427929	0,362332230398073	0,319386729766525
0,576064480576758	0,402767730092834	0	0	0,103181378668158	0	0	0	0,438636533531002	0,470507086726799	0,0816622678030581	0,273557708205897
0,403845324415591	0,283470654525814	0	0	0,362257387741038	0	0,434708865289245	0	0,270962028139933	0,434708865289245	0,223940930713443	0,351865557752924
0,442708917222075	0,311994348564631	0	0	0,477315397087759	0	0	0	0,23116620128017	0,472542243116881	0,213558225769107	0,395597336746418
0,440033006421731	0,311368430494126	0	0	0,475201512279447	0	0	0	0,196047260671341	0,470449497156653	0,25411845571712	0,399087370322172
0,437909351215741	0,310370515465604	0	0	0,473678523163539	0	0	0	0,180550109726013	0,473678523163539	0,271879651364521	0,395785257035266
0,43017428554022	0,306145542776433	0	0	0,310714117383362	0	0	0,466071176075043	0,234080590674461	0,447428329032041	0,0830786410958279	0,381538325246036
0,541565149431388	0,387031083919279	0	0	0,195905609604091	0	0	0	0,342615191684285	0,534822314219169	0,0649526619378573	0,333010803841039
0,565775767702485	0,406045807777092	0	0	0,102499397220933	0	0	0	0,336455420474092	0,54734678115978	0,145801281464173	0,26546128483772
0,412546649275292	0,297346431905897	0	0	0,374310417188695	0	0,449172500626434	0	0,223579137083113	0,435697325607641	0,152126158954031	0,369545639334297
0,440211166135076	0,31866373777186	0	0	0,480080422767636	0	0	0	0,238963797879855	0,456076401629254	0,204526240793603	0,408962070516443
0,452358701444504	0,328896252538089	0	0	0,494139536927446	0	0	0	0,283631662451628	0,424960001757603	0,0598957014937957	0,422373721060677
0,494492223898139	0,361128530133491	0	0	0,27052699386349	0	0	0	0,312986387519195	0,52482236809517	0,0626889648776203	0,417791655824185
0,419789922530011	0,307951401006626	0	0	0,306716427004885	0	0	0,460074640507327	0,278520522280221	0,432470162076888	0,048385746549272	0,395289022413383
0,493031675680442	0,363323786154097	0	0	0,180412066147791	0	0	0	0,419882790720643	0,519586750505638	0,0897236477737115	0,371543802753441
0,519973620403067	0,384936995426618	0	0	0,0952924037418848	0	0	0	0,415355230659695	0,566036878226796	0,105993689787033	0,261185612165321
0,396978292364194	0,295246280428041	0	0	0,364359698657166	0	0,437231638388599	0	0,288219958937776	0,437231638388599	0,151978911865387	0,366017122115398
0,429426001750168	0,320874239901356	0	0	0,473750913715101	0	0	0	0,318666533889081	0,454800877166496	0,12920479467721	0,40386510901887
0,43406168310073	0,325871073149927	0	0	0,479656451659394	0	0	0	0,320487943036994	0,446080500043237	0,0478801450542188	0,413926738551733
0,435226205093679	0,32830367711793	0	0	0,481738240839379	0	0	0	0,263551862701365	0,472103476022592	0,079001636798184	0,414898274617786
0,413651942401491	0,313530740609966	0	0	0,305743465551835	0	0	0,458615198327753	0,281750144264135	0,435684438411365	0,0670346636499271	0,391261879791326
0,511377239743661	0,389482815671709	0	0	0,18930006545397	0	0	0	0,36416918421414	0,545184188507434	0,0931315831859814	0,335325892634742
0,538990968029661	0,412522107638481	0	0	0,0999258811605017	0	0	0	0,295744760385341	0,59355973409338	0,123972216140145	0,272363422212243
0,395966507354679	0,304550633609673	0	0	0,367656184783085	0	0,441187421739702	0	0,273021812556408	0,423539924870114	0,170655384266112	0,370933669327981
0,430513051923227	0,332765781343852	0	0	0,480471491166777	0	0	0	0,249931358633839	0,456447916608439	0,184994370970095	0,40992595815705
0,449684176446536	0,349322601462932	0	0	0,502695699596992	0	0	0	0,234441043758238	0,417237430665503	0,0376349722779204	0,438849436005447
0,434569172074068	0,339281109853402	0	0	0,486600208846099	0	0	0	0,20947811681267	0,472002202580716	0,0208171213425962	0,438357943608889
0,41257715432109	0,323744243889673	0	0	0,308491053544341	0	0	0,462736580316511	0,145253635076932	0,458109214513346	0,148471630079837	0,403325411469496
0,518062797514381	0,408591486010388	0	0	0,194001226539181	0	0	0	0,242719023338258	0,558723532432841	0,197113545806679	0,342182991347756
0,560049063301907	0,443972838861869	0	0	0,105034535812966	0	0	0	0,24586559504201	0,535676132646125	0,2213027117773	0,286054559799502
0,395436382544643	0,315096257914913	0	0	0,371420498330435	0	0,445704597996522	0	0,237842363953301	0,441247552016557	0,0762703056511642	0,388140552605798
0,427915877161362	0,342747005029235	0	0	0,483104657014197	0	0	0	0,266465797366575	0,458949424163487	0,0344459648224193	0,428015494333042
0,424829923583936	0,342050983982294	0	0	0,480406983418645	0	0	0	0,271440717088562	0,465994773916086	0,024833872725465	0,424596134252078
0,426397874746874	0,34511398465336	0	0	0,482969386917636	0	0	0	0,322701518613129	0,415353672749167	0,00860908005142068	0,434847906132315
0,403051399027013	0,327937076622526	0	0	0,304847747366902	0	0	0,457271621050353	0,297329080952023	0,416117175155821	0,0154869177155024	0,407651111327057
0,514100702855332	0,420504937160166	0	0	0,194737145959137	0	0	0	0,327472779079265	0,543316637225991	0,0177033768258529	0,343814936056846
0,51225310002742	0,42122101809028	0	0	0,0971766565475619	0	0	0	0,413109732767214	0,553906942321103	0,0103932253845734	0,270454694285599
0,422384537762807	0,34917663807795	0	0,481550664681452	0,240775332340726	0	0	0	0,228898522225264	0,476735158034638	0,0489276075488913	0,357404979255837
0,399284746139584	0,331848819284252	0,455953535428785	0,455953535428785	0,0759922559047975	0	0	0	0,253534701314661	0,428596323303058	0,00487650849888113	0,24675401372141
0,399460197038204	0,333779444099857	0	0,456892158640638	0,380743465533865	0	0	0	0,170054032139789	0,447754315467825	0,00895866990949163	0,381869406827703
0,380455664244285	0,319614326747428	0	0,43585788368144	0,43585788368144	0	0	0	0,242360437562774	0,418423568334182	0,0326310716057739	0,371852563632995
0,370590473572377	0,313010999760074	0	0,425239890658142	0,283493260438762	0	0	0,425239890658142	0,143017900445564	0,412482693938398	0,0386581719772425	0,361344586359538
0,445276059460758	0,378132822330939	0	0,511759746630111	0,170586582210037	0	0	0	0,0963852437599312	0,50664214916381	0,0136834157976913	0,318721447119962
0,461053954108409	0,393661044672906	0	0,530742162660448	0,0884570271100746	0	0	0	0,0761603103369252	0,514819897780634	0,0387886429500226	0,265713879189651
0,358514474823323	0,30777864177336	0	0,413362923662233	0,344469103051861	0	0,413362923662233	0	0,168681731180553	0,400962035952366	0,0324206214116929	0,355060171427204
0,385060360231166	0,332373647668417	0	0,444676768518499	0,444676768518499	0	0	0	0,163513430576309	0,413549394722204	0,00396325108886837	0,384715439228788
0,384915042130596	0,334066546646968	0	0,44521421058762	0,44521421058762	0	0	0	0,147739244768986	0,409597073740611	0,019840205340173	0,392196742879047
0,384325562767954	0,335383358183188	0	0,445235208577551	0,445235208577551	0	0	0	0,171705058016455	0,39625933563402	0,00873010225782229	0,39593279762062
0,363458667030898	0,318914783292493	0	0,421724490363239	0,281149660242159	0	0	0,421724490363239	0,208025533363033	0,392203776037812	0,0240555859382875	0,365740125874846
0,438379226478453	0,386767232787735	0	0,509453640882044	0,169817880294015	0	0	0	0,0890972735174875	0,504359104473224	0,0130768849024432	0,3276678217743
0,521332204741119	0,462483767193238	0	0	0,101133756967842	0	0	0	0,236734623933694	0,594666490970913	0,0350452804968877	0,305276548798451
0,380903326045874	0,339766480428307	0	0	0,37003395904194	0	0,444040750850328	0	0,21704234010173	0,439600343341825	0,0284945936435493	0,405223758674859
0,411898635872414	0,369437505427028	0	0	0,480917524500349	0	0	0	0,243693633491208	0,442444122540321	0,0342900195452622	0,454152599864537
0,414068961842116	0,37342952181364	0	0	0,484196823390654	0	0	0	0,0911940205489125	0,479354855156748	0,0414286051151858	0,463505088890527
0,415015462910828	0,376344442980071	0	0	0,486048075229901	0	0	0	0,178726198066601	0,452024709963808	0,00779756270589095	0,462119140558882
0,391667428806305	0,35712750490159	0	0	0,30626923620877	0	0	0,459403854313155	0,125666525170863	0,454809815770024	0,059779824258086	0,43357369914667
0,496260018628663	0,454986522293172	0	0	0,194322829737862	0	0	0	0,277106098011839	0,536331010076498	0,0457230186884974	0,37738913593518
0,511811289810701	0,471824762803478	0	0	0,100357366268926	0	0	0	0,221416252037272	0,596122755637421	0,0847939242875279	0,306237636178588
0,380297320607519	0,352511598964592	0	0	0,373407977624517	0	0,44808957314942	0	0,182852695769494	0,430165990223444	0,0415341492639209	0,413144967493424
0,413460605259489	0,385354680981984	0	0	0,487890712965362	0	0	0	0,260354236963579	0,409828198890904	0,0252207321873164	0,454021126493875
0,419411753199695	0,393042906991794	0	0	0,495645997434983	0	0	0	0,244489057030709	0,376690958050587	0,00883504459012784	0,47137783663462
0,416709323482621	0,392646180927322	0	0	0,493176521702493	0	0	0	0,227790052624918	0,394541217361995	0,0167029482242529	0,470243730437254
0,391066137313253	0,370495140659316	0	0	0,309002290660037	0	0	0,463503435990056	0,180828694758452	0,41715309239105	0,014045558603273	0,438827732864558
0,479365015362128	0,456622759456776	0	0	0,189660381258224	0	0	0	0,303626709009802	0,546221898023685	0,0101422664607527	0,367536898147995
0,43189575267472	0,436616589922072	0	0	0,090315030203061	0,541890181218366	0	0	0,250290083701756	0,422674341350325	0,0550583605544154	0,276947813030906
0,337698281097778	0,343266357366747	0	0	0,353616905966128	0,424340287159354	0,424340287159354	0	0,235956034115515	0,305525006754735	0,00453839888488693	0,365940469466423
0,327962576710412	0,33386750750799	0	0	0,412721581852409	0,412721581852409	0	0,412721581852409	0,159166170579853	0,305413970570783	0,00809258015576304	0,388945587707537
0,375147185351233	0,383989730832671	0,472798676485526	0	0,0787997794142543	0,472798676485526	0	0	0,173854221846696	0,387694914718131	0,03539669246591	0,277027671072206
0,329723647092342	0,339334496818082	0	0	0,346799976386584	0,416159971663901	0,416159971663901	0	0,0783799049770575	0,387028773647428	0,037832724793829	0,39002557860279
0,338601130312274	0,350362532164785	0	0	0,285322989110366	0,427984483665549	0	0,427984483665549	0,124748840530317	0,372346500789027	0,0114434354861222	0,400636473495995
0,409426807389735	0,425939177055059	0	0	0,1727498128804	0,518249438641199	0	0	0,162679195986027	0,461242000390667	0,0378756274680289	0,334480584565136
0,421825194053158	0,441200499428729	0	0	0,0891169017271163	0,534701410362698	0	0	0,124683736945562	0,491925297533682	0,0419373654513638	0,272512255348717
0,336619766485534	0,353968612203458	0	0	0,356079114802081	0,427294937762497	0,427294937762497	0	0,134128455799887	0,299106456433748	0,00380833280991316	0,402454310920419
0,348141641113631	0,368037134051361	0	0	0,442533604463734	0,442533604463734	0	0	0,127005160025466	0,389429571928086	0,0197207487400258	0,428368385185679
0,345331372723936	0,367003732169942	0	0	0,439562924849948	0,439562924849948	0	0	0,161633003756483	0,391211003116453	0,00861888100661989	0,424709090799952
0,34489187121932	0,368471419607611	0	0	0,439597339509645	0,439597339509645	0	0	0,151789215884496	0,391241632163584	0,0250750710960812	0,426670866481345
0,336443090480333	0,361331534370481	0	0	0,286267217354624	0,429400826031936	0	0,429400826031936	0,127087239991515	0,343520660825549	0,0220441065817559	0,413379918469765
0,415025448430074	0,448052344844708	0	0	0,176797343023293	0,530392029069879	0	0	0,16173389227243	0,408401862383807	0,0207996873811366	0,347918680628549
0,436771318667678	0,473973059984034	0	0	0,0931510374820105	0,558906224892063	0	0	0,165416192120521	0,391234357424444	0,0179328200538486	0,287712781279424
0,319502629164568	0,348501469734706	0	0	0,341139423140293	0,409367307768352	0,409367307768352	0	0,157872594027257	0,384805269302251	0,0160536198867299	0,38944695948361
0,336893451950426	0,369349795851467	0	0	0,432191503416122	0,432191503416122	0	0	0,124037023401936	0,427869588381961	0,0077039484307683	0,421885790741102
0,338420859574489	0,372907728315523	0	0	0,434686840196567	0,434686840196567	0	0	0,0916156120593662	0,425993103392636	0,0193710711901761	0,422216848286651
0,345166054360902	0,382256187442914	0	0	0,443888271707787	0,443888271707787	0	0	0,109479170152145	0,377305030951619	0,0189898726854408	0,431232670626738
0,326686707172813	0,363599001940336	0	0	0,280415656356433	0,42062348453465	0	0,42062348453465	0,135806685589663	0,382767370926531	0,0112466173259254	0,404363186791888
0,399381528615843	0,446710254469766	0	0	0,171607078882833	0,5148212366485	0	0	0,0992704626721323	0,47363553771662	0,00642379425122809	0,335004381232853
0,426076382079242	0,478909509444681	0	0	0,0916433177971859	0,549859906783115	0	0	0,20465637786098	0,395899132883843	0,00392056970696708	0,282355195328729
0,319805715540572	0,361210997417749	0	0	0,344314326481912	0,413177191778295	0,413177191778295	0	0,118580001227851	0,375991244518248	0,00441900748802373	0,389637806619187
0,339983172996907	0,385852193704101	0	0	0,439726058521098	0,439726058521098	0	0	0,0354935831990124	0,40454797383941	0,0203794607643779	0,428342542366229
0,339998383127283	0,387711466360097	0	0	0,440215320082965	0,440215320082965	0	0	0,152002599311158	0,369780868869691	0,00941637039090857	0,43193808936181
0,337680217992807	0,386887292401882	0	0	0,437669238499912	0,437669238499912	0	0	0,0883189046300271	0,39827900703492	0,00234047711811103	0,432145455261506
0,323795396351247	0,372713182002738	0	0	0,280065894552721	0,420098841829081	0	0,420098841829081	0,146940402074746	0,369686980809591	0,00299535713167881	0,408129303594953
0,394830382750888	0,456580595818459	0	0	0,170922236955795	0,512766710867385	0	0	0,0482874481085878	0,476873041106668	0,0082262039194182	0,337182105262176
0,401536723353474	0,466457312701205	0	0	0,086996039669695	0,52197623801817	0	0	0,124057132802525	0,501097188497443	0,0139565840188672	0,272901045244631
0,318484449292912	0,371647272849157	0	0	0,345331459277642	0,414397751133171	0,414397751133171	0	0,11893029628934	0,356382065974527	0,00664809226559056	0,395656873607141
0,331829151381076	0,388945778578254	0	0	0,432150097247598	0,432150097247598	0	0	0,127900925642787	0,414864093357694	0,00154064218150461	0,420273656325899
0,332747652396583	0,391738677460978	0	0	0,433723507448904	0,433723507448904	0	0	0,169210516358989	0,390351156704013	0,0115968853211622	0,422429798241482
0,331327991106122	0,391760843344971	0	0	0,432235738433586	0,432235738433586	0	0	0,232593222475473	0,363078020284213	0,00308189471802985	0,420897829339476
0,322935530731287	0,38347239115797	0	0	0,281085310812953	0,42162796621943	0	0,42162796621943	0,17016375318273	0,383681449259681	0,00601251995855028	0,371361043541076
0,380174908018985	0,453346671156263	0	0	0,16558195532331	0,496745865969931	0	0	0,229438673519744	0,471908572671435	0,0070837199445095	0,316828046141501
0,39705232619487	0,47544052158718	0	0	0,0865307555121412	0,519184533072847	0	0	0,232818176265851	0,451690543773377	0,000925462700033272	0,284668408239
0,314098719368356	0,377648936317104	0	0	0,342505721235575	0,41100686548269	0,41100686548269	0	0,0589785636567089	0,394566590863382	0,00586106041298449	0,379952894102783
0,333744983764681	0,402885943797599	0	0	0,437010687429088	0,437010687429088	0	0	0,12346041842167	0,402049832434761	0,00856883713488402	0,4091216843437
0,338886128594812	0,410712091749643	0	0	0,444028424761696	0,444028424761696	0	0	0,197124726687928	0,35078245556174	0,00158298916356132	0,400300250671344
0,331321135899534	0,403106385523442	0	0	0,434381026438602	0,434381026438602	0	0	0,144144376486352	0,421349595645444	0,00774297736197088	0,389852225689574
0,321384987217588	0,39251199322033	0	0	0,281064249345929	0,421596374018893	0	0,421596374018893	0,221196303857446	0,345709026695492	0,00225452597457336	0,373783746129896
0,393153072926514	0,481964743735366	0	0	0,172006925416985	0,516020776250954	0	0	0,236027440258284	0,387015582188216	0,00643876176821035	0,334283340993882
0,400897752479136	0,493267370136014	0	0	0,0877418095709129	0,526450857425477	0	0	0,186500527966873	0,426425194514637	0,00187683030179735	0,307399979252975
0,307249910418716	0,379405927902859	0	0	0,336385861033946	0,403663033240735	0,403663033240735	0	0,182824961243562	0,371369990581476	0,00575633553355365	0,388885235447582
0,320946932053903	0,397719668158045	0	0	0,421839820136115	0,421839820136115	0	0	0,251590565372661	0,388092634525226	0,00225582782541581	0,411090829798061
0,332584789420855	0,413566297243412	0	0	0,437308418228678	0,437308418228678	0	0	0,249050085717678	0,306115892760075	0,00545661115559036	0,424394051232271
0,333875399141694	0,416574845777188	0	0	0,439162070933473	0,439162070933473	0	0	0,139822901507967	0,355721277456113	0,00391410048610257	0,427974970549449
0,325164435935326	0,407046486891186	0	0	0,285227138756339	0,427840708134509	0	0,427840708134509	0,101684114489368	0,355107787751643	0,00152527893922739	0,380378570397972
0,384723155780886	0,48315633556834	0	0	0,168782879729264	0,506348639187792	0	0	0,0590361642102358	0,470904234444646	0,00270774662589388	0,329284140697349
0,396129222479665	0,49904557380127	0	0	0,0869145931661767	0,52148755899706	0	0	0,0608012400624375	0,458909051917413	0,00278870341309682	0,316590663288526
0,310247203924355	0,392048993075151	0	0	0,340426104450019	0,408511325340023	0,408511325340023	0	0,0293102296208088	0,375830419312821	0,00436910517216718	0,397824883977184
0,324935184589076	0,411834853291043	0	0	0,427922821424175	0,427922821424175	0	0	-0,0287840462841373	0,423643593209933	0,00686507200292581	0,422165551220893
0,332708029955716	0,422909930554188	0	0	0,438215508284221	0,438215508284221	0	0	-0,0117905517924006	0,37686533712443	0,00781132819757007	0,429137947231835
0,344892484923875	0,439633254445932	0	0	0,454304630861693	0,454304630861693	0	0	-0,0142606834799635	0,2952980100601	0,00566868510521097	0,433070391915635
0,304782291832643	0,389567147805692	0	0,401490546265148	0,267660364176765	0,401490546265148	0	0,401490546265148	-0,0792178656307914	0,309147720624164	0,00715669428810967	0,31340093089896
0,337807585543839	0,432923347545071	0	0,445000316998091	0,148333438999364	0,445000316998091	0	0	-0,159641369326669	0,413850294808224	0,00713904252021302	0,289139477892205
0,343336721813764	0,441137274741768	0	0,452271971442278	0,0753786619070464	0,452271971442278	0	0	-0,0324500069196254	0,443226532013433	0,00483713348218674	0,274244098973987
0,313009559765775	0,403167512385104	0,412295591180061	0,412295591180061	0,0687159318633435	0,412295591180061	0	0	-0,0166397323794643	0,40817263526826	0,00293971898142814	0,240636046380962
0,317735270812592	0,41023243498147	0,418476801547966	0,418476801547966	0,0697461335913277	0,418476801547966	0	0	-0,0450378620500053	0,37244435337769	0,0022378437695102	0,244483967148645
0,303499911437615	0,39275495914466	0	0,39967100263602	0,19983550131801	0,39967100263602	0,39967100263602	0	-0,0250914530802882	0,375690742477858	0,00356213017753011	0,304467705053798
0,329902319729575	0,427866831147837	0	0,434361020590196	0,217180510295098	0,434361020590196	0	0	-0,00584342180166183	0,416986579766588	0,00232278611395009	0,331165697428162
0,309098414342312	0,401736677567259	0	0,406880632343072	0,203440316171536	0,406880632343072	0	0,406880632343072	-0,00547373047995164	0,358054956461903	0,00507694182158616	0,277061751358892
0,342796454063154	0,446440430648489	0	0,451122791710568	0,150374263903523	0,451122791710568	0	0	0,0161837772810966	0,419544196290828	0,00241242125006499	0,277957731055339
0,313908048619386	0,408696946446991	0	0,412983445914465	0,0688305743190776	0,412983445914465	0	0,412983445914465	-0,0462985925913078	0,392334273618742	0,00662540287705033	0,248819768753322
0,330389930013875	0,428298388055801	0,433443878728262	0,433443878728262	0,0722406464547102	0,433443878728262	0	0	0,0213806397578963	0,312079592684348	0,00556291609182002	0,201697139174319
0,292261714415848	0,379231329787141	0	0,383203712611253	0,319336427176044	0,383203712611253	0,383203712611253	0	0,0773281034417326	0,360211489854578	0,00273229025925978	0,304164857570154
0,309000673176077	0,401273601634466	0	0,404905590598165	0,404905590598165	0,404905590598165	0	0	0,148889051251343	0,340120696102458	0,00433054116345334	0,337318362424246
0,311227261089274	0,404431513241781	0	0,407561929826786	0,407561929826786	0,407561929826786	0	0	0,11331318228368	0,334200782457965	0,00145298382359686	0,341643691120834
0,299821772823289	0,389811892324573	0	0,392361203634839	0,26157413575656	0,392361203634839	0	0,392361203634839	0,114365373256792	0,325659799016917	0,000699396141011877	0,329782337068616
0,338951127155248	0,440852152692084	0	0,443253716889752	0,147751238963251	0,443253716889752	0	0	0,12721182906253	0,429956105383059	0,00237034063772415	0,2737382849626
0,399279678971413	0,519442517190452	0	0	0,0869599752439101	0,521759851463461	0	0	0,112307053229803	0,453931070773211	0,00558031937978892	0,268816662837113
0,312649453317826	0,406783955698136	0	0	0,340199754064936	0,408239704877924	0,408239704877924	0	0,0695655102482561	0,371498131438911	0,0080047002137898	0,38053600313105
0,330408652417073	0,429878636782065	0	0	0,431081428382315	0,431081428382315	0	0	0,094721928209567	0,39659491411173	0,0046104966534348	0,409989094966724
0,327408226365998	0,425907993888893	0	0	0,426809707393484	0,426809707393484	0	0	-0,0153115590096317	0,422541610319549	0,00760801623706342	0,410170017428116
0,332634810069653	0,432583623869923	0	0	0,433247355067122	0,433247355067122	0	0	0,0330278252741752	0,38992261956041	0,00617821534156608	0,416713682655342
0,318182661216448	0,413618968721597	0	0	0,276034891195494	0,414052336793241	0	0,414052336793241	-0,029707790980681	0,380928149849782	0,00442836732794498	0,403232920059343
0,379954438276026	0,493654790790505	0	0	0,164659484614581	0,493978453843744	0	0	-0,0575939004481496	0,479159100228432	0,0114469160099522	0,328284299109545
0,389147327759902	0,505267146765401	0	0	0,0842412027252599	0,505447216351559	0	0	-0,129195028394793	0,490283799861013	0,00630682786870977	0,271268617972831
0,313462045532057	0,406682373998808	0	0	0,338952260882853	0,406742713059424	0,406742713059424	0	-0,0802541675991688	0,362001014622887	0,013050568336249	0,391059208994162
0,324975169070574	0,421243355974648	0	0	0,42125602095298	0,42125602095298	0	0	-0,147345155310908	0,404405780114861	0,0127653339109305	0,420255066147607
0,32452792274555	0,420240086480675	0	0	0,420240086480675	0,420240086480675	0	0	-0,169603622346461	0,399228082156641	0,0112363660409756	0,420240086480675
0,332209199879104	0,429705090379671	0	0	0,429729477184103	0,429729477184103	0	0	-0,0770815205711396	0,382459234693852	0,00612804952554337	0,42825407842598
0,321492007403592	0,415330909386805	0	0	0,276942360797132	0,415413541195697	0	0,415413541195697	0	0,373872187076128	0,00222146269875943	0,403142513382727
0,381677945729047	0,492423791312126	0	0	0,164211071186031	0,492633213558094	0	0	-0,00441823509917573	0,487706881422513	0,0105376087430404	0,322799368504528
0,392438054568975	0,505573705734475	0	0	0,0843241738392603	0,505945043035562	0	0	-0,0294945540783063	0,500885592605206	0,0108223537558146	0,274632881479141
0,311783681954175	0,401044447155326	0	0	0,334579793449104	0,401495752138925	0,401495752138925	0	0,0018004293817889	0,397480794617535	0,00715678708443444	0,386739612246032
0,330261956477108	0,424110108392629	0	0	0,424787252093434	0,424787252093434	0	0	0,0876242762165828	0,416291507051565	0,00757196534015322	0,411260586120368
0,3374535474684	0,432584573185528	0	0	0,433513436823094	0,433513436823094	0	0	0,2352247796215	0,312129674512628	0,00463650743942346	0,412735705591323
0,335184569015114	0,428879032174209	0	0	0,430069637003546	0,430069637003546	0	0	0,0636425920229462	0,399964762413298	0,0045996753550474	0,412008431231264
0,3233512865677	0,412930314596763	0	0	0,276245450942997	0,414368176414496	0	0,414368176414496	0,0687516705261719	0,385362404065481	0,00812486632412361	0,389771718092952
0,392501557799261	0,500211100278643	0	0	0,167448040241781	0,502344120725344	0	0	0,0495586128069846	0,457133149860063	0,00358177622680468	0,322340376853066
0,402519646150746	0,511879751768739	0	0	0,0857502273343262	0,514501364005957	0	0	0,0761369731488636	0,47334125488548	0,0220107536551237	0,271217705186581
0,315182804504539	0,399919179529933	0	0	0,335283253199752	0,402339903839703	0,402339903839703	0	0,0270632222313702	0,398316504801306	0,0186467691085253	0,380550437230345
0,340442156531999	0,430965561550404	0	0	0,434007230292322	0,434007230292322	0	0	0,0311395322182832	0,37758629035432	0,0131517341922052	0,421816578240815
0,334125071105591	0,422399592604353	0	0	0,425380804450611	0,425380804450611	0	0	-0,00763014895875536	0,421126996406105	0,0121320727354807	0,412901937476979
0,333975218413221	0,42118412751768	0	0	0,424610436612728	0,424610436612728	0	0	-0,038081653507868	0,4203643322466	0,0068119321396292	0,415058612576117
0,321731113432508	0,404721727503182	0	0	0,272319334789156	0,408479002183735	0	0,408479002183735	-0,0402983768970501	0,404394212161897	0,0043687594699539	0,399554350891573
0,389557779754856	0,488769538161488	0	0	0,164634350298205	0,493903050894614	0	0	-0,0509406734106553	0,469207898349884	0,0105647710387429	0,339767219354967
0,399034505411759	0,499315762773841	0	0	0,0842006261604168	0,505203756962501	0	0	-0,0611681678833521	0,500151719392876	0,00630379005108976	0,274229148885881
0,317265534097937	0,395899328510998	0	0	0,334254634648487	0,401105561578184	0,401105561578184	0	0,122310216086621	0,385061339115057	0,00357491590795746	0,381921451154832
0,335637788516935	0,417633098586408	0	0	0,423720928100752	0,423720928100752	0	0	0,186209197102573	0,394060463133699	0,00302118305849681	0,404826356387091
0,337890999033283	0,419207149336644	0	0	0,425944285438594	0,425944285438594	0	0	0,171905765423648	0,383349856894734	0,00987036665748376	0,413076071706761
0,343363539892601	0,424718027788087	0	0	0,432206719669985	0,432206719669985	0	0	0,186062085597841	0,354409510129388	0,0338985661942436	0,408333767806735
0,326896090698096	0,403104652198036	0	0	0,27391211494331	0,410868172414965	0	0,410868172414965	0,0165821235503798	0,402650808966666	0,036912220845176	0,392717806461567
0,391902960314029	0,481743572714689	0	0	0,163945681420967	0,4918370442629	0	0	-0,0441109456738027	0,486918673820271	0,0490960330896753	0,322656697390689
0,426985506743273	0,523176441373057	0	0	0,0891762453774838	0,535057472264903	0	0	0,160757177765688	0,38524138003073	0,011445079508637	0,274492451483011
0,325029540060923	0,396939675682545	0	0	0,33889751610973	0,406677019331676	0,406677019331676	0	0,191484695201013	0,333475155851974	0,0202976053052706	0,378003582758988
0,344402977297634	0,419184078744143	0	0	0,430257333146751	0,430257333146751	0	0	0,0906820388246516	0,400139319826479	0,0107372596836957	0,4086300964451
0,346913746892023	0,420790341367227	0	0	0,432725767802121	0,432725767802121	0	0	0,0659761260326104	0,389453191021909	0,0239117625444316	0,414107173323669
0,341852221546701	0,413199493676724	0	0	0,425750318812745	0,425750318812745	0	0	-0,0343654965857821	0,421492815624618	0,0546417521587784	0,409943492511882
0,330600238967585	0,398174077467302	0	0	0,274062397232704	0,411093595849056	0	0,411093595849056	-0,0202781594365005	0,406982659890565	0,0512951009800612	0,387785408142445
0,398087718943735	0,477715062398108	0	0	0,164744857559162	0,494234572677485	0	0	0,075354150094325	0,484349881223935	0,0132148282550021	0,31852491142511
0,414925743585951	0,496081828822137	0	0	0,0857208085884655	0,514324851530793	0	0	0,0438213999062111	0,483465360438946	0,0339216034792441	0,270280579173188
0,326032484046421	0,38833773337678	0	0	0,336244895589031	0,403493874706837	0,403493874706837	0	0,0669474141890268	0,391389058465632	0,0158232891788047	0,382496604804678
0,349236193539272	0,414388106340938	0	0	0,431519656662089	0,431519656662089	0	0	0,0812727604475682	0,38836769099588	0,0423058487629468	0,417939756943565
0,345774734400644	0,408690630253932	0	0	0,426556274817979	0,426556274817979	0	0	0,0841635699192425	0,418025149321619	0,00760349872231143	0,409420255312181
0,351417788751412	0,413726322482584	0	0	0,43281787668376	0,43281787668376	0	0	0,0776354935755624	0,389536089015384	0,0563203298383215	0,411990078786865
0,337510371115953	0,395767051731079	0	0	0,276676617730982	0,415014926596473	0	0,415014926596473	0,00558316044748618	0,390114031000684	0,0761970364206412	0,387819988570704
0,424194972106334	0,495400864173364	0	0	0,173585290837935	0,520755872513806	0	0	-0,0980795813703132	0,380151786935078	0,0881850408560142	0,333776108552723
0,426752563251693	0,496343393424113	0	0	0,087173136325609	0,523038817953654	0	0	-0,0351819832704252	0,455043771619679	0,0895039689787093	0,272108725107267
0,324157655429699	0,375451536171267	0,396643536696621	0	0,198321768348311	0,396643536696621	0,396643536696621	0	0,00533601170443885	0,37681135986179	0,0247460316499462	0,316260191896359
0,365573009656404	0,421638586734224	0	0	0,372152222858954	0,446582667430745	0	0	-0,0660862243283165	0,410856054036285	0,0780126584346665	0,413990168843202
0,36746514613089	0,422015703707596	0	0	0,448151631434579	0,448151631434579	0	0	0,0160771885716441	0,318187658318551	0,0655052296280717	0,423555835375928
0,353360567279648	0,401873340895848	0	0	0,430234838784885	0,430234838784885	0	0	0,0366567799861561	0,417327793621338	0,0306762808161625	0,408635354941278
0,339913249047232	0,384861911544639	0	0	0,275448670311224	0,413173005466836	0	0,413173005466836	0,00185279374648806	0,409041275412168	0,0427166386910438	0,387171213080985
0,417082366800224	0,470115041616787	0	0	0,168709129228928	0,506127387686785	0	0	-0,0363140726591415	0,465637196671842	0,0297721993903241	0,318407521023132
0,434608216975241	0,487647437531859	0	0	0,0877519499587045	0,526511699752227	0	0	-0,00236103901234183	0,46333029578196	0,0309712765752611	0,269742362711831
0,341248936642061	0,381141022020972	0	0	0,34393016406127	0,412716196873524	0,412716196873524	0	0,014805962219678	0,363190253248701	0,0294271797895964	0,382532447011091
0,362202474531825	0,402673741647033	0	0	0,437320532093148	0,437320532093148	0	0	-0,0411826510042875	0,376095657600108	0,112253398636156	0,410389997119528
0,37267607594771	0,412384669810933	0	0	0,449206939864806	0,449206939864806	0	0	0,030215713443821	0,341397274297253	0,0136123314499084	0,412101071427535
0,359739626997206	0,396196304251677	0	0	0,432880528364223	0,432880528364223	0	0	0,0989995827200689	0,411236501946012	0,0401243982361741	0,397892498479288
0,34967785986337	0,383286839150854	0	0	0,280039899734058	0,420059849601087	0	0,420059849601087	0,161996175182482	0,361251470656935	0,084610985796575	0,368224508384848
0,411559262154781	0,448956969477341	0	0	0,164518962285191	0,493556886855574	0	0	0,194766843243455	0,478750180249907	0,0439890273935823	0,29886590794368
0,42104914180309	0,457093525066218	0	0	0,0840130591903487	0,504078355142092	0	0	0,226044105444884	0,483915220936409	0,0997374284710363	0,239609085791453
0,3436669759255	0,371273411189779	0	0	0,342279558468049	0,410735470161659	0,410735470161659	0	0,184186309489533	0,34912514963741	0,0622326469782166	0,360278566800986
0,371615004799878	0,399500485899489	0	0	0,443379492556241	0,443379492556241	0	0	0,0974241934316404	0,372438773747242	0,0837758041890801	0,39231416251662
0,369875689496848	0,395669503586872	0	0	0,440549788360691	0,440549788360691	0	0	0,0968024198640083	0,374467320106587	0,106014654975784	0,397031229013889
0,363789892960051	0,387226680852435	0	0	0,432559315294764	0,432559315294764	0	0	0,00775891148510788	0,428233722141817	0,0724787444369036	0,393446056070654
0,351376386855245	0,372143674230935	0	0	0,278055347486234	0,417083021229352	0	0,417083021229352	0,0935163724729488	0,408741360804765	0,0260212223044264	0,369216108892758
0,438736592419398	0,462329233989413	0	0	0,173295222663019	0,519885667989056	0	0	0,0815964052897622	0,431505104430917	0,0305815099994562	0,315689218429662
0,435058304774985	0,45613230313553	0	0	0,0857735692994485	0,514641415796691	0	0	0,0669264621439643	0,509495001638724	0,0247688381987218	0,256470072451616
0,34876555486099	0,363797488639904	0	0	0,343211798056005	0,411854157667206	0,411854157667206	0	0,0350907129850983	0,391261449783846	0,0389095727773311	0,364885060290179
0,363818002904841	0,377555108190543	0	0	0,42889012793828	0,42889012793828	0	0	-0,061544771722085	0,416023424100132	0,172779267324592	0,387916477881758
0,388228653631606	0,400812770749998	0	0	0,456878713688603	0,456878713688603	0	0	-0,00409756693891123	0,315246312445136	0,0268752185557475	0,413560167716986
0,369826907792042	0,379838037193178	0	0	0,434473085322783	0,434473085322783	0	0	0,0448111253920359	0,430128354469555	0,0224593931311435	0,392293942620844
0,358536662598894	0,366326316406891	0	0	0,280322111977814	0,42048316796672	0	0,42048316796672	0,0565672423273615	0,399459009568384	0,0232352552458774	0,376505757742995
0,427554760434195	0,434560204286003	0	0	0,166853733330558	0,500561199991674	0	0	0,078563417039052	0,495555587991758	0,0615663509213562	0,307269760251534
0,536611361294937	0,515848925486219	0	0	0,0993837886060778	0	0	0	0,0267400328088102	0,584376677003738	0,0382654159420761	0,303966484218973
0,411353432214754	0,39338495818076	0	0	0,380301250511414	0	0,456361500613697	0	0,00613939238493763	0,369652815497095	0,077280468067432	0,424839500530289
0,439080235729622	0,417711849933587	0	0	0,486322774347197	0	0	0	-0,0392547530863208	0,413374358195117	0,0875554372502409	0,464898124240948
0,443582837276246	0,419786715443558	0	0	0,490503695857513	0	0	0	0,010997840714294	0,382592882768861	0,157380865014685	0,463845341943465
0,427516495069124	0,402456636214366	0	0	0,471962313143888	0	0	0	0,146033182093849	0,467242690012449	0,0858113295799259	0,430702764625328
0,413045448879655	0,386783533892294	0	0	0,303492573805673	0	0	0,45523886070851	0,0122485792118882	0,450686472101424	0,0957543415535005	0,409883611115323
0,507847006060978	0,474777689668329	0	0	0,186268920981363	0	0	0	0,0275644591586771	0,553218695314649	0,252010893226026	0,334157505295947
0,547081693661254	0,508751766702008	0	0	0,100165294719325	0	0	0	0,285673217226416	0,504833085385398	0,113556376753937	0,287192430663478
0,397700729684388	0,367874026294625	0	0	0,363479117819155	0	0,436174941382986	0	0,156475315294345	0,405642695486177	0,216143732077564	0,38521234169101
0,440737517264721	0,405513069926378	0	0	0,482583883532103	0	0	0	0,281326927619612	0,37158959031972	0,106667382341475	0,424052817530833
0,445101510647177	0,407342357085094	0	0	0,486565046883616	0	0	0	0,220372510023521	0,360058134693876	0,187340552850877	0,43117156471564
0,437937869362775	0,39864168635493	0	0	0,477951749935605	0	0	0	0,107164069492288	0,415818022443977	0,233438109610072	0,426585556030548
0,413507765063581	0,374384702730127	0	0	0,300368540675823	0	0	0,450552811013735	0,181837457359803	0,446047282903598	0,0522030887597961	0,401098647333635
0,508899217845958	0,458274202203994	0	0	0,184528691983797	0	0	0	0,20107835045768	0,536978493672849	0,230907561141416	0,338908241302264
0,542899905437765	0,486259456163152	0	0	0,0982684696299189	0	0	0	0,155995687215208	0,583714709601718	0,136629957761404	0,27464427875186
0,382632516348601	0,340863726188275	0	0,414878489320026	0,345732074433355	0	0,414878489320026	0	0,0465110414035904	0,398283349747225	0,0584231739695406	0,330785606690898
0,397713282349591	0,35238391112038	0	0,430530256555888	0,430530256555888	0	0	0	0,171825976831722	0,426224953990329	0,0491157512654423	0,365147758948977
0,404920128651872	0,356828344704929	0	0,437621619477138	0,437621619477138	0	0	0	0,133445157508724	0,406988106113738	0,0943889767389581	0,365146067553388
0,376323351571304	0,3298318508519	0	0,40605773306964	0,3383814442247	0	0	0,40605773306964	0,0291341871260728	0,401997155738944	0,168647864158608	0,338276960628253
0,430679619914709	0,375426687265482	0,463959067452773	0,463959067452773	0,0773265112421287	0	0	0	0,0145637375433606	0,375806844636746	0,206755377564653	0,229964720154756
0,460927432866801	0,399614499418512	0	0,495744910676107	0,165248303558702	0	0	0	-0,0533537123597604	0,446170419608497	0,281010484080631	0,271850291659952
0,424963598215361	0,366435261787682	0,456330566696667	0,456330566696667	0,0760550944494444	0	0	0	0,0818530164478325	0,4517672610297	0,0789020764813405	0,214131915889194
0,425590152259178	0,364983690813794	0,456271572969476	0,456271572969476	0,0760452621615793	0	0	0	0,0879806172093608	0,451708857239781	0,0910916509184696	0,208399567327253
0,384413361143437	0,327881391353173	0	0,411468271042833	0,342890225869028	0	0,411468271042833	0	0,0738059679000598	0,386780174780263	0,162827016471345	0,327070811963659
0,41212663891416	0,349611716078948	0	0,440429870020373	0,440429870020373	0	0	0	0,0869009609008807	0,422812675219558	0,0384689191051646	0,363543873000757
0,411425387419639	0,347123894023757	0	0,438982970993148	0,438982970993148	0	0	0	0,0314965360353828	0,421423652153422	0,129895139363441	0,359665652424077
0,396360917376847	0,332601397547954	0	0,422240977222352	0,281493984814902	0	0	0,422240977222352	0,0454429751270693	0,405351338133458	0,0993508182815357	0,346720677114576
0,449571973548362	0,37521012637458	0	0,478172241931631	0,159390747310544	0	0	0	0,012865620859147	0,473390519512314	0,315372067006777	0,281646320003139
0,531839923103522	0,441469960825351	0	0	0,0941311077521233	0	0	0	0,0177287288143012	0,559138780047612	0,354375935223159	0,273600288361817
0,406490140280643	0,335597365503176	0	0	0,359164617871876	0	0,430997541446252	0	0,028990866016564	0,426687566031789	0,295014360075726	0,370736899551115
0,448607765085894	0,368372843586159	0	0	0,474915086986681	0	0	0	0,104353539293038	0,398928673068812	0,313223854297063	0,411540096594713
0,448256240288888	0,366103634448996	0	0	0,473808902714466	0	0	0	0,203971545563178	0,473808902714466	0,0540530656294419	0,414148033918985
0,463138449123678	0,376227549896372	0	0	0,488786131811759	0	0	0	0,190692347388444	0,415468212039995	0,117622331209808	0,42688558844652
0,442713261198336	0,357709230179051	0	0	0,311009848062855	0	0	0,466514772094282	0,175727537470492	0,405867851722025	0,0690209022580219	0,401638085089273
0,534766491746609	0,429779875508492	0	0	0,18755320605823	0	0	0	0,234651769014557	0,557033021992944	0,126372748494074	0,335887690986153
0,551560465361596	0,440916483827035	0	0	0,0965753290244663	0	0	0	0,244253298519278	0,509917737249182	0,321229169378574	0,263026541065723
0,49453686772062	0,393233832957021	0	0	0,25938211557882	0	0	0	0,272176749082708	0,513576588846064	0,231178356032352	0,377142982900453
0,474285983264369	0,375136925733171	0,496778928455953	0	0,0827964880759921	0	0	0	0,294057482314734	0,432197667756679	0,244404606671631	0,218362753584367
0,424864464096545	0,334276798850467	0	0	0,370295371259702	0	0	0,444354445511642	0,199262083189077	0,333265834133732	0,297028372826795	0,366309057237308
0,452594904928988	0,354226812505415	0	0	0,472661225853137	0	0	0	0,286140203991809	0,307229796804539	0,33785588525233	0,394790601870049
0,454202512057743	0,353628745039882	0	0	0,236824285968321	0	0	0,473648571936643	0,180538693339079	0,473648571936643	0,0607891215449786	0,357191223032585
0,514608501836364	0,398577003147473	0	0	0,178621702054324	0	0	0	0,13937298725315	0,450126689176897	0,437479890610107	0,361913289865785
0,548477191191595	0,422612938450648	0	0	0,0950524582333437	0	0	0	0,145775518904949	0,501876979472055	0,412741155706915	0,26086364087432
0,419280954539369	0,321403551488994	0	0	0,362796745659	0	0,4353560947908	0	0,158133828152712	0,335224192988916	0,361632691882802	0,362749306420916
0,466892950075992	0,356071537658492	0	0	0,484112717438888	0	0	0	0,173672723744893	0,430860318520611	0,187259286533759	0,412298484851697
0,436096240510607	0,33089522523129	0	0	0,451551924095962	0	0	0	0,253112065076212	0,415427770168285	0,343694601804201	0,376373949355423
0,447142544184185	0,337564598275129	0	0	0,46235366872109	0	0	0	0,335880243644918	0,263541591171021	0,379937685204976	0,381733439988108
0,418126202180581	0,314077112716214	0	0	0,287842204212912	0	0	0,431763306319367	0,288487590321012	0,3410930119923	0,36403572896616	0,353782156905608
0,534825220416742	0,399737409027912	0	0	0,183842693558487	0	0	0	0,378402674185406	0,303340444371504	0,431587927593714	0,31448641177035
0,550406847557485	0,40935255192925	0	0	0,0944742403161036	0	0	0	0,340615646700212	0,37411799165177	0,448626339015889	0,25161185543249
0,433369376594159	0,320730426101162	0	0	0,371441884352613	0	0,445730261223136	0	0,28782581890642	0,29418197240727	0,281262945549472	0,352395883239496
0,446316288215146	0,328708715239156	0	0	0,458456376740152	0	0	0	0,244647124807525	0,389687920229129	0,358756415969028	0,377034541093963
0,447590469219424	0,328061220194903	0	0	0,459183346264699	0	0	0	0,284158303966495	0,3811221773997	0,336407050642178	0,376854750057033
0,445576183110334	0,325028495447099	0	0	0,456547799671874	0	0	0	0,243628646461672	0,406327541707968	0,345869545410157	0,37854949192619
0,464961920153432	0,33756923785954	0	0	0,317218647333015	0	0	0,475827970999522	0,204840740878718	0,371145817379627	0,0958441368154732	0,392329515602402
0,525167257700359	0,379498898990377	0	0	0,178931548032322	0	0	0	0,243122237909388	0,488483126128238	0,388482398561371	0,315468979700465
0,53488089797107	0,384733104334507	0	0	0,091013187728028	0	0	0	0,193454040282894	0,513314378786078	0,4428984003075	0,246016976871765
0,419288027491275	0,300211626629552	0	0	0,356310006756353	0	0,427572008107624	0	0,185984236710491	0,367711926972557	0,369647814513992	0,343298968669279
0,44160510662552	0,314764322741253	0	0	0,449821207483906	0	0	0	0,179525055901649	0,400340874660676	0,422559316243705	0,364020322048526
0,453437773502005	0,321758533914831	0	0	0,461363949874446	0	0	0	0,273094355979493	0,286045648922157	0,426823333496292	0,373400774796644
0,462804454277346	0,326961244711273	0,470386730407209	0	0,0783977884012015	0	0	0	0,297419412499625	0,371605517021695	0,423431905426173	0,213670181455195
0,494441149349931	0,347797086401536	0	0	0,251006827678463	0	0	0	0,222867048790743	0,431731743606957	0,47785257033458	0,327346315282382
0,544992842301969	0,381717209797648	0	0	0,184257872095478	0	0	0	0,309850681774908	0,375886059074776	0,453254658806368	0,283877174182687
0,569597964803412	0,397270957484517	0	0	0,0961926379787379	0	0	0	0,367516267075716	0,438638429183045	0,350820209091664	0,240695292852355
0,437178639762722	0,303650088530686	0	0	0,368793646872111	0	0,442552376246533	0	0,301650050177009	0,415999233671741	0,0804640683310085	0,338064371823169
0,442764104335925	0,306275616484062	0	0	0,447788094656883	0	0	0	0,34136312148731	0,3447968328858	0,390317964849054	0,349112111762006
0,443449048939516	0,305519925367288	0	0	0,448076267583795	0	0	0	0,2612103802058	0,37190330209455	0,41932271029954	0,356179323399521
0,475052181541275	0,327008658054911	0	0	0,479591695345834	0	0	0	0,303239592124496	0,398061107137042	0,205172917941483	0,380630722120127
